2500
691405
279042
920487
373150
161345
46934
193718
521160
126793
576002
172074
910418
359619
555821
137864
873875
644283
119450
321277
816482
451461
55976
972994
935183
666398
476398
761926
962595
610895
45273
725172
691609
877482
958097
298499
332776
804182
997621
934561
186790
974855
167873
261099
840017
984405
934013
940774
852841
474776
256217
302118
889059
978193
142058
556661
732474
512163
940105
945711
926793
190986
80909
162941
81832
865031
579499
784257
865380
822966
376795
744753
553037
956697
972387
686024
966391
362231
249069
664123
825581
770112
644593
225039
675243
516531
418609
888783
117006
946996
488185
292401
419977
298825
2543
917818
116474
431291
717483
301060
623599
780344
68382
640619
890142
18956
367017
751069
782007
390830
634404
355289
465584
419512
479409
768771
156936
688870
228915
522464
836731
841450
581520
805102
38208
664984
113051
506133
742518
92369
873739
292550
776313
334681
184321
39223
573628
799817
446533
92920
157027
986123
214131
118109
541000
338702
646523
960968
402628
411610
467428
98298
997446
145
264659
196932
862304
551423
203122
639480
150026
774200
154022
109401
821155
130066
272040
463465
584802
823359
446073
550515
817728
287661
26101
624715
708614
923646
194373
479590
328665
57828
618391
477077
512134
203380
361424
565216
711571
935005
64595
38989
923889
877014
182048
595796
789470
29802
444473
595361
903889
119750
351871
396968
697192
901969
742194
909798
318578
465991
84069
99672
141448
159808
633134
447209
788320
142717
521979
511571
35125
715412
412920
139762
65547
354491
874092
772261
632477
416456
402001
176654
602230
497051
708171
580634
321728
697375
151093
254355
414700
836267
854648
311650
361826
423624
1335
796302
908615
567091
456126
63833
722067
651100
972414
629803
448393
721141
419848
173735
89189
640221
741229
701066
192599
902979
529106
131020
83835
969735
799600
333853
188650
20926
834457
529827
924080
927078
432361
342037
475051
520127
645214
143570
885688
624599
211828
569575
667490
996363
461580
628987
9324
202084
809015
283106
537774
834364
405230
827433
916771
583877
941805
471738
921670
659040
894084
207543
324748
462515
127086
244914
62891
320591
264153
176307
354696
248579
940527
527188
97155
878733
573000
253640
474073
920891
308470
660079
834507
232826
90577
162650
650601
749704
403203
848329
599941
650452
758500
171293
895065
845692
658904
562851
316908
849907
127
962200
17965
109518
72105
438741
113880
294548
263620
106159
773944
451332
313993
625443
482934
611377
303680
651512
303411
257409
270892
325832
637229
626350
217252
556371
627017
604431
636924
380002
542790
222644
916329
273992
856569
809527
880333
282102
564371
135678
779942
180581
589605
607452
336339
170452
441080
297855
65289
699625
89084
911852
412157
737746
498161
862901
93929
897383
68652
406201
535547
287786
724641
971804
149392
470174
720774
147766
861368
651250
229114
904760
694681
489120
539820
741387
410667
545553
208752
545873
64360
510953
952179
696774
862303
58678
28211
877226
635753
437114
564073
761021
625115
587424
407671
280730
156171
249707
788693
133390
698338
871143
320503
583989
425029
609358
314676
877660
416511
495417
813322
309381
111101
50954
26237
784867
298516
774213
610266
259148
848199
516556
944919
797168
485106
604603
315131
509518
907675
893586
461689
861096
199884
785462
391333
492214
771927
411680
105345
173315
553802
884945
950257
327430
133004
85408
849483
75649
951235
277773
219041
475181
691424
474354
699718
798800
714570
609076
701432
498425
82281
490649
417840
110216
713550
32115
321929
901229
165366
220880
80630
414496
587038
636586
834867
677525
209180
670608
858979
52455
755738
305992
336169
178353
753287
981377
314554
824615
130293
433599
634962
484590
729717
630350
820186
18683
763973
502387
444880
807124
164169
754842
19202
376885
322953
623425
927864
974229
642910
904162
873529
382068
908839
997501
882755
250509
742345
696704
910164
515204
809004
983417
707527
132655
152635
211583
507205
182872
958634
427986
93511
592567
858697
693698
987102
893628
41184
231542
775628
711586
737942
992292
960777
980490
547763
204900
942131
867495
195467
131559
475883
705825
356536
876534
577525
432465
581676
879584
45512
367738
399606
984867
80545
453557
740574
722480
797500
534007
657088
731642
778318
649004
104264
757677
944095
502187
470797
127128
688745
783650
448925
408719
305160
301131
353460
800389
3907
62643
170131
227361
322131
445707
633707
448734
234785
830915
534769
241214
515232
82215
589717
609042
354799
608019
753444
841057
26425
759574
90882
860187
432953
727916
776520
177051
879607
449223
16399
911094
422242
280349
14358
706449
793089
267537
550306
146453
73551
396589
105356
541752
784241
963328
676124
46288
578845
601207
954175
88280
352410
201843
6309
492121
169360
457671
192126
643686
903272
283764
490895
582716
227177
908403
395559
201583
625435
172802
917287
979041
844824
954991
389190
864314
857980
305428
506013
157907
646967
257828
110359
673396
721184
684699
41629
307151
338420
884473
784941
480064
333412
498020
361701
884750
560399
30767
409540
628920
834799
814005
516252
304838
392957
727683
285106
455156
775775
386051
85475
87838
966882
118159
523847
990384
6953
855744
115370
308806
287850
658534
484971
638860
722207
700299
860653
911066
14096
821213
830435
780263
505740
317524
393260
571522
306813
782530
198896
888726
954432
406292
37527
39673
238679
573085
512715
613222
818411
56083
728854
776786
118711
692933
567745
34866
985646
324595
924675
102599
836924
236014
471521
670545
670505
831970
284770
596053
570096
285251
948492
327873
848692
437197
160418
356768
300256
173916
473873
934645
826243
390394
625050
398719
35074
159326
764405
910647
906274
39392
920602
310094
542610
168782
817200
193654
677684
525494
622154
94948
44444
574430
172881
308167
383567
753186
252956
41735
514699
71076
666833
198484
807398
362298
415077
148222
282009
205551
750477
916011
494028
832302
671404
559280
362741
219848
114048
764660
185144
725976
667989
345843
598830
680091
210091
575692
36376
104629
179849
22458
334112
207994
2229
731140
897512
777866
197493
102801
358172
845557
961055
273197
76879
179183
975081
471942
727167
939211
522923
353538
732480
315353
938977
305286
544041
789739
437423
524173
509878
939003
436289
825547
415586
631478
951515
516650
46962
932516
473121
935673
873070
325885
215890
800502
248163
78157
173813
635511
492019
392591
476266
126704
454956
211128
380073
758010
203123
273193
920160
617683
177383
594868
418189
339820
268723
545657
206075
212259
64952
822119
58887
746933
636263
334481
12197
188802
943122
727031
187690
805707
284
385534
327130
638163
596133
747657
854245
450265
522274
803482
939463
960938
664900
489263
960579
615782
75376
309650
103368
657396
375123
658150
38945
234659
648208
373029
809172
998527
628056
542873
792314
282581
335937
20285
925659
936126
141538
768253
204939
170571
301589
134248
222051
925185
306180
291799
683035
358877
294213
961333
382789
290369
334597
246340
281544
423465
712751
408500
295693
603997
449841
263834
592953
726249
542608
90000
499147
382066
824484
564104
926738
91947
388417
889970
934751
61503
100295
881699
313116
755836
502975
401225
328314
438543
331620
446913
594774
755801
648171
719691
776787
807090
550653
81830
407061
495590
219159
330584
54046
184493
972422
37664
80605
77569
809724
294764
244343
260831
416843
63866
859792
444008
238138
429642
581230
887018
885694
510197
734498
36245
181783
164801
467453
968
910720
517435
771711
247280
334302
373322
931449
393240
791044
705217
95332
115397
984317
801224
203522
808370
70703
569163
896156
471168
616038
94952
159456
13048
410759
186681
182783
950161
492219
786793
597449
165059
308197
428151
352422
726090
564821
455884
528104
948149
577593
34512
278728
918785
360288
788006
709789
531142
402947
756926
553331
978850
875789
528461
636838
488654
643695
714206
439242
916812
275887
445072
137078
693335
31642
825217
540627
151858
281513
496431
624780
233115
688744
567177
743045
657059
540236
798399
976958
271431
575429
936500
245817
345642
309840
404661
177200
814363
569990
920241
631505
341840
203514
228096
302492
24501
602780
134792
763477
270866
638103
425212
965345
724502
709219
400966
818889
874571
174924
110002
659849
469680
657978
144600
470375
433203
479905
926748
689377
920014
627820
437308
625876
806816
373119
43124
999214
757228
524537
364724
627700
585172
622567
600220
229447
374043
986334
400598
325370
803549
966633
521474
383900
411580
371662
138819
544913
397358
547524
825882
900150
995508
803852
178098
755036
179358
44297
41734
363599
382467
872156
806996
34940
275775
546558
975631
665486
134779
206185
800914
893357
226083
609357
389479
337545
23976
237176
970126
403748
705255
818948
416823
825664
935265
267752
768843
976170
389658
322542
72615
692164
136633
493020
187315
575914
984967
645522
359715
95140
27661
26291
317118
816294
4623
781522
473368
207408
933463
390286
430257
681617
49437
400498
831948
241234
277402
967467
20600
48142
704648
435160
421481
144107
754799
354630
312141
190551
60784
70267
654638
478773
452066
851386
722649
643778
322048
134868
34074
246486
60542
168750
742135
719733
747137
730886
217908
77819
767522
62809
730298
733055
715899
448855
548051
210060
670714
886629
680245
741024
291261
631884
727550
102418
381324
166097
507444
814843
532891
627984
42860
399190
145518
984758
890520
550615
403096
725606
770991
986643
709053
896240
638244
61599
792427
1819
804093
445513
262145
217472
251106
110412
381773
235425
259336
219305
123992
334
803385
39536
655893
85386
431169
488489
375848
316461
816460
240272
150386
613839
166875
232027
464700
336841
415013
652978
640218
599875
617909
537063
965009
907000
642816
562035
676017
60188
259168
49401
447567
232101
420922
407914
340516
702140
857323
930199
31168
993064
580346
766960
415730
379607
867812
716932
846950
328310
897612
304394
189403
731359
899493
111571
763988
583210
41862
989602
346350
609737
583908
749743
682702
537757
779101
562841
743223
338597
559415
387532
979727
684272
970701
374101
270843
792869
579819
555251
350809
986740
40490
993818
755350
13603
230999
981725
316201
556552
689373
805112
679928
103182
747198
771604
974208
957504
86834
604884
20670
489079
576518
607137
727552
846506
530132
121708
7372
910557
744083
962087
90108
760384
513819
843738
739634
985811
875949
862749
849619
415653
505469
34157
419258
288100
568075
508414
570305
271716
223475
257880
993802
674781
250099
748
671443
850329
800579
618494
478314
42788
830055
665979
192235
486453
587820
179101
223437
733791
213079
941705
727397
109665
48266
168482
600796
311524
986410
270444
532465
114338
332839
497105
44785
625016
822531
814792
10482
952012
341438
45236
59401
928198
888509
591992
689385
643663
650000
118076
598430
25849
18284
163461
179060
179322
206429
596674
2831
330555
443815
127622
660207
693980
770156
545740
934063
112749
812994
722349
672544
999277
145239
589330
645239
266472
982672
546781
927450
833121
323569
4820
393773
152352
138773
625926
469689
440406
825213
684866
606954
370693
97429
296094
689704
146929
665044
512671
865077
174654
627014
752971
914308
435045
777919
283575
71528
674581
438544
859342
821335
154558
667854
855508
887852
481847
574204
314437
583665
44605
570690
256487
909901
141480
833076
612018
131480
38666
95332
402310
830499
404909
833235
406340
556901
788886
987236
887024
390279
589769
889022
756295
459112
286292
954778
716929
400984
772442
884636
266758
289706
979145
485534
408743
892495
40679
843073
617141
788595
868574
941963
47415
500405
201526
937159
777887
809715
281821
7027
358088
779035
233638
850514
437711
966237
992919
19618
61945
652466
70951
56380
543756
804467
388
531595
670219
436014
631090
456264
960028
168179
427245
156877
279911
47728
666849
573910
405043
365472
138972
651999
404722
198799
96396
704401
362416
323507
681259
370164
979641
829288
416388
135858
116991
877353
618395
318138
501512
461110
13659
773051
179204
361402
472576
89391
544360
912078
511890
756639
711894
908457
116530
949961
672416
47998
366568
637253
231766
705763
998841
72379
269622
29327
358301
553983
146849
880172
746261
673581
535850
816959
82118
360834
849989
71102
954690
637737
437434
749823
877726
93204
646713
779917
931155
491995
212156
547375
312869
691645
259673
8212
978332
153359
503792
78559
408162
539641
782547
935948
905913
427925
552508
525909
825251
234631
165415
814059
573533
548534
334377
74805
248573
835150
535231
809294
517139
460639
664400
781907
514974
448721
325467
788656
278702
64706
15005
674880
793270
981193
819442
630447
390043
144679
979003
132121
18644
497788
899453
632873
846255
377109
555994
742388
868332
497730
910826
123944
164549
704138
570586
65055
127522
450415
152226
618603
319438
358539
738816
410749
196021
632859
533333
278873
285974
192342
373277
545147
76714
264574
481683
731869
502874
702417
525802
379872
132964
777042
900228
743504
540761
404824
941036
17351
918801
820897
832408
74649
947011
861104
148369
125250
916875
795250
257112
498603
891279
954615
702935
312804
107439
134896
756531
405024
313947
267589
810593
135711
852032
444883
579516
525917
811221
926035
89295
685895
115788
759661
120120
90040
65324
645591
313771
499573
743001
844745
674321
671714
668670
528184
137194
628385
357345
164829
515786
846008
523583
190942
479833
378118
866182
770847
254373
124886
226066
315098
839292
301903
729853
707031
403308
388581
385204
123115
430936
40839
137275
1057
87682
942483
836632
783448
690791
917614
375129
641092
810202
658610
593737
570629
183325
709033
183476
474436
827594
472346
325775
929929
99657
934199
875937
548165
731591
761562
734020
33239
330520
713976
388062
989271
363756
961612
370465
709901
368343
608407
104641
81523
302077
552855
115448
870734
8527
509154
211828
13222
230095
251964
388748
618364
56484
205605
762580
612407
931235
270025
485178
44087
974487
290455
284266
6098
83121
145945
742953
166378
242992
466673
540317
595305
880574
812098
359668
104052
486418
269831
19144
583435
626832
338617
973542
579352
760149
815007
196777
104861
703150
202698
978585
348807
363960
918597
546145
818810
931071
460694
662006
965246
542554
253598
303452
669663
172384
732636
994377
518925
309813
241202
231394
394433
760867
929124
866500
400620
341919
279130
690732
345517
146235
827160
353306
781684
976650
784291
193236
569698
416261
939060
218591
751872
359145
20429
404514
947356
436048
52439
945531
481881
356318
599986
727108
5158
396772
168783
338862
767345
773710
590783
200348
493455
623175
234188
656344
152539
23778
471649
368472
213167
774864
884921
754372
193266
506388
959435
822295
221299
518470
922413
710715
32054
450201
834662
307086
144168
209736
644555
808773
435176
479355
793695
651560
218524
618922
361614
850133
208069
30620
835524
349361
899409
335081
861953
491131
82688
155654
429733
81008
533402
897731
406188
161921
304323
181055
817049
212402
370315
407379
989012
178274
214858
283723
824291
231423
155558
344345
93045
303546
914243
387428
282571
775439
800290
876310
895106
854325
261848
510718
385176
536906
792893
971483
922132
194330
368389
625285
791657
519967
403940
248067
232306
45676
302642
112307
276602
612862
636447
269703
612974
884455
764759
930869
737313
345160
724072
708440
523770
236583
275442
365590
213087
472287
639951
661212
565222
939107
75576
488097
891606
859615
418540
209526
203797
890275
511963
990186
718570
662277
555145
316147
278153
588667
998847
268858
910679
622872
703322
965263
696702
621679
821786
541120
676330
670774
669208
198581
896180
303999
404971
930975
244271
972502
641010
807548
66635
847021
552506
78942
251827
878227
47185
965787
175332
584215
734117
758049
524969
833934
927494
891308
529375
890321
878157
778794
404090
463762
953633
606119
769525
929169
550953
151632
816657
685161
104796
426142
787900
262667
893267
583427
491969
913404
459808
206493
413092
280971
832747
46300
818955
630369
596453
609695
206913
126744
255069
132359
432942
535781
476159
484550
489361
775621
518962
499623
912971
265763
969192
495197
945039
595569
446283
944580
686445
62213
606780
145825
125811
603038
275123
482171
448378
350697
824584
629297
28137
867558
186674
634415
656860
757154
66133
945246
313798
291510
187164
427356
44766
461094
178681
132351
30127
555082
375661
69572
620512
4810
195829
948963
691008
246522
146384
651725
23650
815020
784437
299000
903466
19550
177113
42850
122746
283070
980996
471698
502966
626301
611634
884454
713738
488712
143264
501853
609729
547899
102772
297222
196059
378103
147450
723678
655552
390315
116865
100834
227037
793858
491612
170692
322163
571998
808240
661517
486454
603664
437449
801221
305507
123883
30958
278824
3462
870993
725512
899104
672122
616087
778465
403844
993747
560048
105109
301307
101043
369833
156967
639588
926676
248325
766496
338252
758570
914897
230370
676272
490338
402037
929738
185632
388210
125738
776887
569259
382914
808107
399362
292174
769668
364561
785260
956066
660459
348695
43324
822239
753736
688626
475167
777821
741722
887324
50861
54138
223085
926763
161420
741231
192320
248843
643961
224226
621048
273245
512043
495904
424471
898703
123115
402690
855692
431339
688146
757365
12729
229405
513015
993037
397263
810134
797580
121131
501302
587590
192262
554113
579434
225726
424041
587585
102764
123179
120781
410583
923077
721076
649113
546157
278543
584566
606659
965816
812845
669322
